-4.000000000000000000e+02
-3.979949874686716953e+02
-3.959899749373433337e+02
-3.939849624060150290e+02
-3.919799498746867243e+02
-3.899749373433584196e+02
-3.879699248120300581e+02
-3.859649122807017534e+02
-3.839598997493734487e+02
-3.819548872180450871e+02
-3.799498746867167824e+02
-3.779448621553884777e+02
-3.759398496240601730e+02
-3.739348370927318115e+02
-3.719298245614035068e+02
-3.699248120300752021e+02
-3.679197994987468974e+02
-3.659147869674185358e+02
-3.639097744360902311e+02
-3.619047619047619264e+02
-3.598997493734335649e+02
-3.578947368421052602e+02
-3.558897243107769555e+02
-3.538847117794485939e+02
-3.518796992481202892e+02
-3.498746867167919845e+02
-3.478696741854636798e+02
-3.458646616541353183e+02
-3.438596491228070136e+02
-3.418546365914787089e+02
-3.398496240601504041e+02
-3.378446115288220426e+02
-3.358395989974937379e+02
-3.338345864661654332e+02
-3.318295739348370716e+02
-3.298245614035087669e+02
-3.278195488721804622e+02
-3.258145363408521007e+02
-3.238095238095237960e+02
-3.218045112781954913e+02
-3.197994987468671866e+02
-3.177944862155388819e+02
-3.157894736842105203e+02
-3.137844611528822156e+02
-3.117794486215539109e+02
-3.097744360902255494e+02
-3.077694235588972447e+02
-3.057644110275689400e+02
-3.037593984962405784e+02
-3.017543859649122737e+02
-2.997493734335839690e+02
-2.977443609022556643e+02
-2.957393483709273596e+02
-2.937343358395989981e+02
-2.917293233082706934e+02
-2.897243107769423887e+02
-2.877192982456140271e+02
-2.857142857142857224e+02
-2.837092731829574177e+02
-2.817042606516290562e+02
-2.796992481203007515e+02
-2.776942355889724467e+02
-2.756892230576440852e+02
-2.736842105263157805e+02
-2.716791979949874758e+02
-2.696741854636591142e+02
-2.676691729323308664e+02
-2.656641604010025048e+02
-2.636591478696742001e+02
-2.616541353383458954e+02
-2.596491228070175339e+02
-2.576441102756892292e+02
-2.556390977443609245e+02
-2.536340852130325914e+02
-2.516290726817042582e+02
-2.496240601503759535e+02
-2.476190476190476204e+02
-2.456140350877193157e+02
-2.436090225563909826e+02
-2.416040100250626779e+02
-2.395989974937343447e+02
-2.375939849624060116e+02
-2.355889724310777069e+02
-2.335839598997493738e+02
-2.315789473684210691e+02
-2.295739348370927360e+02
-2.275689223057644313e+02
-2.255639097744360981e+02
-2.235588972431077650e+02
-2.215538847117794603e+02
-2.195488721804511272e+02
-2.175438596491228225e+02
-2.155388471177944893e+02
-2.135338345864661846e+02
-2.115288220551378515e+02
-2.095238095238095468e+02
-2.075187969924812137e+02
-2.055137844611528806e+02
-2.035087719298245759e+02
-2.015037593984962427e+02
-1.994987468671679380e+02
-1.974937343358396049e+02
-1.954887218045113002e+02
-1.934837092731829671e+02
-1.914786967418546624e+02
-1.894736842105263293e+02
-1.874686716791979961e+02
-1.854636591478696914e+02
-1.834586466165413583e+02
-1.814536340852130536e+02
-1.794486215538847205e+02
-1.774436090225564158e+02
-1.754385964912280826e+02
-1.734335839598997495e+02
-1.714285714285714448e+02
-1.694235588972431117e+02
-1.674185463659148070e+02
-1.654135338345864739e+02
-1.634085213032581692e+02
-1.614035087719298360e+02
-1.593984962406015029e+02
-1.573934837092731982e+02
-1.553884711779448651e+02
-1.533834586466165604e+02
-1.513784461152882272e+02
-1.493734335839599225e+02
-1.473684210526315894e+02
-1.453634085213032847e+02
-1.433583959899749516e+02
-1.413533834586466469e+02
-1.393483709273182853e+02
-1.373433583959899806e+02
-1.353383458646616759e+02
-1.333333333333333712e+02
-1.313283208020050097e+02
-1.293233082706767050e+02
-1.273182957393484003e+02
-1.253132832080200387e+02
-1.233082706766917340e+02
-1.213032581453634293e+02
-1.192982456140351246e+02
-1.172932330827067631e+02
-1.152882205513784584e+02
-1.132832080200501537e+02
-1.112781954887218490e+02
-1.092731829573934874e+02
-1.072681704260651827e+02
-1.052631578947368780e+02
-1.032581453634085165e+02
-1.012531328320802118e+02
-9.924812030075190705e+01
-9.724310776942360235e+01
-9.523809523809524080e+01
-9.323308270676693610e+01
-9.122807017543863140e+01
-8.922305764411026985e+01
-8.721804511278196514e+01
-8.521303258145366044e+01
-8.320802005012535574e+01
-8.120300751879699419e+01
-7.919799498746868949e+01
-7.719298245614038478e+01
-7.518796992481202324e+01
-7.318295739348371853e+01
-7.117794486215541383e+01
-6.917293233082710913e+01
-6.716791979949874758e+01
-6.516290726817044288e+01
-6.315789473684213817e+01
-6.115288220551377663e+01
-5.914786967418547192e+01
-5.714285714285716722e+01
-5.513784461152886252e+01
-5.313283208020050097e+01
-5.112781954887219626e+01
-4.912280701754389156e+01
-4.711779448621553001e+01
-4.511278195488722531e+01
-4.310776942355892061e+01
-4.110275689223061590e+01
-3.909774436090225436e+01
-3.709273182957394965e+01
-3.508771929824564495e+01
-3.308270676691734025e+01
-3.107769423558897870e+01
-2.907268170426067400e+01
-2.706766917293236929e+01
-2.506265664160400775e+01
-2.305764411027570304e+01
-2.105263157894739834e+01
-1.904761904761909364e+01
-1.704260651629073209e+01
-1.503759398496242738e+01
-1.303258145363412268e+01
-1.102756892230576113e+01
-9.022556390977456431e+00
-7.017543859649151727e+00
-5.012531328320847024e+00
-3.007518796992485477e+00
-1.002506265664180773e+00
1.002506265664123930e+00
3.007518796992485477e+00
5.012531328320790180e+00
7.017543859649094884e+00
9.022556390977399587e+00
1.102756892230576113e+01
1.303258145363406584e+01
1.503759398496237054e+01
1.704260651629067524e+01
1.904761904761903679e+01
2.105263157894734150e+01
2.305764411027564620e+01
2.506265664160400775e+01
2.706766917293231245e+01
2.907268170426061715e+01
3.107769423558892186e+01
3.308270676691728340e+01
3.508771929824558811e+01
3.709273182957389281e+01
3.909774436090225436e+01
4.110275689223055906e+01
4.310776942355886376e+01
4.511278195488716847e+01
4.711779448621553001e+01
4.912280701754383472e+01
5.112781954887213942e+01
5.313283208020050097e+01
5.513784461152880567e+01
5.714285714285711038e+01
5.914786967418541508e+01
6.115288220551377663e+01
6.315789473684208133e+01
6.516290726817038603e+01
6.716791979949874758e+01
6.917293233082705228e+01
7.117794486215535699e+01
7.318295739348366169e+01
7.518796992481202324e+01
7.719298245614032794e+01
7.919799498746863264e+01
8.120300751879699419e+01
8.320802005012529889e+01
8.521303258145360360e+01
8.721804511278190830e+01
8.922305764411026985e+01
9.122807017543857455e+01
9.323308270676687926e+01
9.523809523809518396e+01
9.724310776942354551e+01
9.924812030075185021e+01
1.012531328320801549e+02
1.032581453634085165e+02
1.052631578947368212e+02
1.072681704260651259e+02
1.092731829573934306e+02
1.112781954887217921e+02
1.132832080200500968e+02
1.152882205513784584e+02
1.172932330827067062e+02
1.192982456140350678e+02
1.213032581453634293e+02
1.233082706766916772e+02
1.253132832080200387e+02
1.273182957393482866e+02
1.293233082706766481e+02
1.313283208020050097e+02
1.333333333333332575e+02
1.353383458646616191e+02
1.373433583959899806e+02
1.393483709273182285e+02
1.413533834586465900e+02
1.433583959899749516e+02
1.453634085213031994e+02
1.473684210526315610e+02
1.493734335839599225e+02
1.513784461152881704e+02
1.533834586466165320e+02
1.553884711779447798e+02
1.573934837092731414e+02
1.593984962406015029e+02
1.614035087719297508e+02
1.634085213032581123e+02
1.654135338345864739e+02
1.674185463659147217e+02
1.694235588972430833e+02
1.714285714285714448e+02
1.734335839598996927e+02
1.754385964912280542e+02
1.774436090225563021e+02
1.794486215538846636e+02
1.814536340852130252e+02
1.834586466165412730e+02
1.854636591478696346e+02
1.874686716791979961e+02
1.894736842105262440e+02
1.914786967418546055e+02
1.934837092731829671e+02
1.954887218045112149e+02
1.974937343358395765e+02
1.994987468671679380e+02
2.015037593984961859e+02
2.035087719298245474e+02
2.055137844611527953e+02
2.075187969924811568e+02
2.095238095238095184e+02
2.115288220551377663e+02
2.135338345864661278e+02
2.155388471177944893e+02
2.175438596491227372e+02
2.195488721804510988e+02
2.215538847117794603e+02
2.235588972431077082e+02
2.255639097744360697e+02
2.275689223057644313e+02
2.295739348370926791e+02
2.315789473684210407e+02
2.335839598997492885e+02
2.355889724310776501e+02
2.375939849624060116e+02
2.395989974937342595e+02
2.416040100250626210e+02
2.436090225563909826e+02
2.456140350877192304e+02
2.476190476190475920e+02
2.496240601503759535e+02
2.516290726817042014e+02
2.536340852130325629e+02
2.556390977443608108e+02
2.576441102756891723e+02
2.596491228070175339e+02
2.616541353383457817e+02
2.636591478696741433e+02
2.656641604010025048e+02
2.676691729323307527e+02
2.696741854636591142e+02
2.716791979949874758e+02
2.736842105263157237e+02
2.756892230576440852e+02
2.776942355889724467e+02
2.796992481203006946e+02
2.817042606516290562e+02
2.837092731829573040e+02
2.857142857142856656e+02
2.877192982456140271e+02
2.897243107769422750e+02
2.917293233082706365e+02
2.937343358395989981e+02
2.957393483709272459e+02
2.977443609022556075e+02
2.997493734335839690e+02
3.017543859649122169e+02
3.037593984962405784e+02
3.057644110275689400e+02
3.077694235588971878e+02
3.097744360902255494e+02
3.117794486215537972e+02
3.137844611528821588e+02
3.157894736842105203e+02
3.177944862155387682e+02
3.197994987468671297e+02
3.218045112781954913e+02
3.238095238095237391e+02
3.258145363408521007e+02
3.278195488721804622e+02
3.298245614035087101e+02
3.318295739348370716e+02
3.338345864661653195e+02
3.358395989974936811e+02
3.378446115288220426e+02
3.398496240601502905e+02
3.418546365914786520e+02
3.438596491228070136e+02
3.458646616541352614e+02
3.478696741854636230e+02
3.498746867167919845e+02
3.518796992481202324e+02
3.538847117794485939e+02
3.558897243107769555e+02
3.578947368421052033e+02
3.598997493734335649e+02
3.619047619047618127e+02
3.639097744360901743e+02
3.659147869674185358e+02
3.679197994987467837e+02
3.699248120300751452e+02
3.719298245614035068e+02
3.739348370927317546e+02
3.759398496240601162e+02
3.779448621553884777e+02
3.799498746867167256e+02
3.819548872180450871e+02
3.839598997493733350e+02
3.859649122807016965e+02
3.879699248120300581e+02
3.899749373433583060e+02
3.919799498746866675e+02
3.939849624060150290e+02
3.959899749373432769e+02
3.979949874686716385e+02
4.000000000000000000e+02
