-5.000000000000000000e+00
-4.743589743589743613e+00
-4.487179487179487225e+00
-4.230769230769230838e+00
-3.974358974358974450e+00
-3.717948717948718063e+00
-3.461538461538461675e+00
-3.205128205128205288e+00
-2.948717948717948900e+00
-2.692307692307692513e+00
-2.435897435897436125e+00
-2.179487179487179738e+00
-1.923076923076923350e+00
-1.666666666666666963e+00
-1.410256410256410575e+00
-1.153846153846154188e+00
-8.974358974358978003e-01
-6.410256410256414128e-01
-3.846153846153850253e-01
-1.282051282051286378e-01
1.282051282051277497e-01
3.846153846153841371e-01
6.410256410256405246e-01
8.974358974358969121e-01
1.153846153846153300e+00
1.410256410256409687e+00
1.666666666666666075e+00
1.923076923076922462e+00
2.179487179487178850e+00
2.435897435897435237e+00
2.692307692307691624e+00
2.948717948717948012e+00
3.205128205128204399e+00
3.461538461538459899e+00
3.717948717948717174e+00
3.974358974358974450e+00
4.230769230769229949e+00
4.487179487179485449e+00
4.743589743589742724e+00
5.000000000000000000e+00
