1.938613983213272149e+02
1.943178212634248325e+02
1.947742723846332069e+02
1.952307516702255157e+02
1.956872591054750785e+02
1.961437946756551014e+02
1.966003583660389040e+02
1.970569501618997492e+02
1.975135700485108714e+02
1.979702180111455618e+02
1.984268940350770549e+02
1.988835981055786419e+02
1.993403302079235857e+02
1.997970903273851206e+02
2.002538784492365380e+02
2.007106945587511291e+02
2.011675386412020714e+02
2.016244106818627131e+02
2.020813106660062601e+02
2.025382385789060038e+02
2.029951944058352638e+02
2.034521781320672176e+02
2.039091897428751565e+02
2.043662292235323434e+02
2.048232965593120696e+02
2.052803917354875978e+02
2.057375147373321340e+02
2.061946655501190264e+02
2.066518441591214241e+02
2.071090505496127321e+02
2.075662847068661279e+02
2.080235466161549027e+02
2.084808362627522911e+02
2.089381536319315842e+02
2.093954987089660449e+02
2.098528714791289076e+02
2.103102719276934636e+02
2.107677000399330041e+02
2.112251558011207919e+02
2.116826391965300047e+02
2.121401502114339621e+02
2.125976888311059554e+02
2.130552550408192474e+02
2.135128488258470725e+02
2.139704701714626935e+02
2.144281190629393734e+02
2.148857954855503749e+02
2.153434994245690461e+02
2.158012308652685078e+02
2.162589897929221365e+02
2.167167761928031382e+02
2.171745900501848041e+02
2.176324313503403971e+02
2.180903000785431800e+02
2.185481962200663588e+02
2.190061197601832816e+02
2.194640706841672397e+02
2.199220489772913822e+02
2.203800546248290289e+02
2.208380876120534424e+02
2.212961479242379141e+02
2.217542355466556785e+02
2.222123504645799983e+02
2.226704926632841648e+02
2.231286621280414124e+02
2.235868588441250324e+02
2.240450827968082592e+02
2.245033339713643556e+02
2.249616123530666130e+02
2.254199179271882940e+02
2.258782506790026332e+02
2.263366105937829502e+02
2.267949976568024226e+02
2.272534118533343985e+02
2.277118531686521408e+02
2.281703215880288553e+02
2.286288170967378051e+02
2.290873396800523096e+02
2.295458893232455750e+02
2.300044660115909494e+02
2.304630697303616103e+02
2.309217004648308773e+02
2.313803582002719850e+02
2.318390429219581961e+02
2.322977546151628019e+02
2.327564932651590368e+02
2.332152588572201921e+02
2.336740513766195591e+02
2.341328708086302868e+02
2.345917171385257234e+02
2.350505903515791601e+02
2.355094904330638030e+02
2.359684173682529718e+02
2.364273711424198723e+02
2.368863517408377959e+02
2.373453591487800054e+02
2.378043933515197637e+02
2.382634543343303619e+02
2.387225420824850062e+02
2.391816565812569877e+02
2.396407978159195977e+02
2.400999657717460991e+02
2.405591604340097263e+02
2.410183817879837420e+02
2.414776298189414092e+02
2.419369045121560475e+02
2.423962058529008061e+02
2.428555338264490899e+02
2.433148884180740765e+02
2.437742696130490287e+02
2.442336773966472947e+02
2.446931117541420235e+02
2.451525726708065349e+02
2.456120601319140633e+02
2.460715741227379283e+02
2.465311146285514212e+02
2.469906816346276912e+02
2.474502751262400579e+02
2.479098950886617843e+02
2.483695415071661898e+02
2.488292143670264807e+02
2.492889136535158912e+02
2.497486393519077126e+02
2.502083914474752646e+02
2.506681699254917532e+02
2.511279747712304697e+02
2.515878059699646769e+02
2.520476635069675808e+02
2.525075473675125579e+02
2.529674575368727574e+02
2.534273940003214989e+02
2.538873567431320168e+02
2.543473457505776310e+02
2.548073610079316040e+02
2.552674025004671421e+02
2.557274702134575648e+02
2.561875641321760781e+02
2.566476842418960018e+02
2.571078305278905987e+02
2.575680029754330462e+02
2.580282015697966926e+02
2.584884262962548291e+02
2.589486771400806333e+02
2.594089540865473964e+02
2.598692571209284097e+02
2.603295862284969644e+02
2.607899413945262381e+02
2.612503226042895790e+02
2.617107298430602214e+02
2.621711630961113997e+02
2.626316223487163484e+02
2.630921075861484724e+02
2.635526187936809492e+02
2.640131559565869566e+02
2.644737190601398424e+02
2.649343080896130118e+02
2.653949230302795286e+02
2.658555638674126271e+02
2.663162305862857693e+02
2.667769231721721326e+02
2.672376416103448378e+02
2.676983858860773466e+02
2.681591559846429504e+02
2.686199518913146562e+02
2.690807735913659258e+02
2.695416210700699935e+02
2.700024943127001507e+02
2.704633933045295748e+02
2.709243180308315573e+02
2.713852684768795029e+02
2.718462446279464757e+02
2.723072464693058237e+02
2.727682739862308381e+02
2.732293271639947534e+02
2.736904059878708040e+02
2.741515104431323380e+02
2.746126405150524761e+02
2.750737961889046801e+02
2.755349774499620139e+02
2.759961842834979393e+02
2.764574166747855202e+02
2.769186746090981615e+02
2.773799580717091544e+02
2.778412670478915629e+02
2.783026015229188488e+02
2.787639614820642464e+02
2.792253469106008765e+02
2.796867577938022009e+02
2.801481941169412835e+02
2.806096558652916428e+02
2.810711430241262860e+02
2.815326555787186749e+02
2.819941935143419869e+02
2.824557568162693997e+02
2.829173454697743750e+02
2.833789594601299768e+02
2.838405987726095532e+02
2.843022633924865090e+02
2.847639533050338514e+02
2.852256684955249852e+02
2.856874089492332018e+02
2.861491746514316787e+02
2.866109655873937641e+02
2.870727817423926354e+02
2.875346231017016407e+02
2.879964896505940146e+02
2.884583813743429914e+02
2.889202982582218624e+02
2.893822402875039188e+02
2.898442074474622814e+02
2.903061997233704687e+02
2.907682171005015448e+02
2.912302595641288008e+02
2.916923270995255848e+02
2.921544196919650744e+02
2.926165373267206178e+02
2.930786799890653356e+02
2.935408476642726896e+02
2.940030403376158006e+02
2.944652579943679598e+02
2.949275006198024585e+02
2.953897681991925310e+02
2.958520607178114119e+02
2.963143781609325629e+02
2.967767205138289341e+02
2.972390877617740443e+02
2.977014798900409573e+02
2.981638968839031918e+02
2.986263387286338116e+02
2.990888054095061648e+02
2.995512969117934290e+02
3.000138132207689523e+02
3.004763543217059691e+02
3.009389201998777708e+02
3.014015108405575916e+02
3.018641262290187228e+02
3.023267663505343421e+02
3.027894311903777975e+02
3.032521207338223235e+02
3.037148349661412112e+02
3.041775738726078089e+02
3.046403374384952372e+02
3.051031256490766737e+02
3.055659384896256370e+02
3.060287759454153047e+02
3.064916380017187976e+02
3.069545246438095774e+02
3.074174358569607648e+02
3.078803716264457080e+02
3.083433319375375845e+02
3.088063167755097993e+02
3.092693261256355299e+02
3.097323599731879540e+02
3.101954183034405332e+02
3.106585011016663884e+02
3.111216083531387540e+02
3.115847400431310916e+02
3.120478961569164653e+02
3.125110766797681663e+02
3.129742815969595426e+02
3.134375108937638288e+02
3.139007645554542592e+02
3.143640425673040681e+02
3.148273449145866607e+02
3.152906715825751576e+02
3.157540225565429068e+02
3.162173978217630861e+02
3.166807973635091003e+02
3.171442211670540132e+02
3.176076692176712868e+02
3.180711415006341554e+02
3.185346380012156828e+02
3.189981587046893878e+02
3.194617035963283911e+02
3.199252726614059839e+02
3.203888658851954006e+02
3.208524832529700461e+02
3.213161247500030981e+02
3.217797903615676773e+02
3.222434800729373023e+02
3.227071938693850370e+02
3.231709317361841727e+02
3.236346936586080574e+02
3.240984796219300392e+02
3.245622896114231821e+02
3.250261236123607773e+02
3.254899816100162298e+02
3.259538635896626602e+02
3.264177695365733598e+02
3.268816994360217336e+02
3.273456532732808455e+02
3.278096310336241004e+02
3.282736327023246758e+02
3.287376582646559200e+02
3.292017077058910104e+02
3.296657810113031815e+02
3.301298781661658950e+02
3.305939991557522717e+02
3.310581439653354892e+02
3.315223125801890092e+02
3.319865049855859525e+02
3.324507211667996671e+02
3.329149611091033307e+02
3.333792247977703482e+02
3.338435122180737835e+02
3.343078233552870415e+02
3.347721581946834704e+02
3.352365167215360771e+02
3.357008989211183234e+02
3.361653047787033870e+02
3.366297342795646159e+02
3.370941874089751877e+02
3.375586641522084506e+02
3.380231644945376388e+02
3.384876884212359300e+02
3.389522359175766724e+02
3.394168069688331570e+02
3.398814015602785048e+02
3.403460196771861206e+02
3.408106613048293525e+02
3.412753264284812076e+02
3.417400150334150908e+02
3.422047271049043502e+02
3.426694626282221066e+02
3.431342215886415943e+02
3.435990039714362752e+02
3.440638097618793267e+02
3.445286389452438698e+02
3.449934915068033661e+02
3.454583674318309932e+02
3.459232667055999855e+02
3.463881893133836343e+02
3.468531352404552308e+02
3.473181044720880664e+02
3.477830969935552616e+02
3.482481127901302784e+02
3.487131518470862375e+02
3.491782141496964300e+02
3.496432996832342042e+02
3.501084084329727375e+02
3.505735403841852644e+02
3.510386955221450762e+02
3.515038738321256346e+02
3.519690752993998331e+02
3.524342999092411901e+02
3.528995476469229402e+02
3.533648184977183178e+02
3.538301124469005572e+02
3.542954294797430066e+02
3.547607695815189004e+02
3.552261327375014162e+02
3.556915189329639020e+02
3.561569281531796491e+02
3.566223603834217784e+02
3.570878156089636377e+02
3.575532938150786890e+02
3.580187949870398825e+02
3.584843191101205662e+02
3.589498661695941450e+02
3.594154361507337967e+02
3.598810290388126987e+02
3.603466448191042559e+02
3.608122834768817029e+02
3.612779449974181603e+02
3.617436293659871467e+02
3.622093365678616692e+02
3.626750665883151328e+02
3.631408194126207718e+02
3.636065950260518775e+02
3.640723934138816844e+02
3.645382145613834837e+02
3.650040584538305666e+02
3.654699250764960539e+02
3.659358144146533505e+02
3.664017264535756908e+02
3.668676611785363093e+02
3.673336185748084404e+02
3.677995986276654321e+02
3.682656013223806326e+02
3.687316266442270489e+02
3.691976745784780292e+02
3.696637451104070351e+02
3.701298382252871306e+02
3.705959539083916070e+02
3.710620921449938123e+02
3.715282529203669242e+02
3.719944362197841770e+02
3.724606420285189756e+02
3.729268703318444977e+02
3.733931211150340346e+02
3.738593943633607637e+02
3.743256900620980900e+02
3.747920081965191343e+02
3.752583487518972447e+02
3.757247117135057124e+02
3.761910970666177718e+02
3.766575047965066574e+02
3.771239348884456035e+02
3.775903873277080152e+02
3.780568620995669562e+02
3.785233591892959453e+02
3.789898785821679894e+02
3.794564202634564936e+02
3.799229842184346921e+02
3.803895704323758196e+02
3.808561788905532239e+02
3.813228095782400828e+02
3.817894624807097443e+02
3.822561375832353860e+02
3.827228348710902992e+02
3.831895543295478319e+02
3.836562959438811049e+02
3.841230596993634094e+02
3.845898455812680936e+02
3.850566535748684487e+02
3.855234836654375954e+02
3.859903358382488818e+02
3.864572100785755993e+02
3.869241063716909821e+02
3.873910247028682647e+02
3.878579650573807385e+02
3.883249274205016945e+02
3.887919117775043105e+02
3.892589181136619345e+02
3.897259464142479146e+02
3.901929966645352010e+02
3.906600688497973124e+02
3.911271629553075400e+02
3.915942789663391181e+02
3.920614168681651108e+02
3.925285766460590935e+02
3.929957582852940732e+02
3.934629617711434548e+02
3.939301870888804729e+02
3.943974342237783617e+02
3.948647031611103557e+02
3.953319938861498031e+02
3.957993063841700518e+02
3.962666406404440522e+02
3.967339966402453229e+02
3.972013743688471550e+02
3.976687738115226125e+02
3.981361949535451004e+02
3.986036377801879667e+02
3.990711022767242753e+02
3.995385884284273743e+02
4.000060962205706119e+02
4.004736256384271087e+02
4.009411766672702129e+02
4.014087492923731020e+02
4.018763434990092378e+02
4.023439592724516842e+02
4.028115965979737325e+02
4.032792554608487876e+02
4.037469358463499702e+02
4.042146377397505717e+02
4.046823611263238831e+02
4.051501059913432528e+02
4.056178723200817444e+02
4.060856600978128199e+02
4.065534693098096568e+02
4.070212999413454327e+02
4.074891519776934956e+02
4.079570254041271937e+02
4.084249202059197046e+02
4.088928363683442626e+02
4.093607738766742159e+02
4.098287327161827989e+02
4.102967128721431322e+02
4.107647143298287347e+02
4.112327370745127268e+02
4.117007810914682864e+02
4.121688463659688182e+02
4.126369328832876704e+02
4.131050406286978500e+02
4.135731695874727620e+02
4.140413197448857545e+02
4.145094910862099482e+02
4.149776835967186912e+02
4.154458972616852179e+02
4.159141320663827628e+02
4.163823879960846170e+02
4.168506650360640720e+02
4.173189631715943619e+02
4.177872823879487214e+02
4.182556226704004416e+02
4.187239840042228707e+02
4.191923663746891862e+02
4.196607697670725656e+02
4.201291941666464709e+02
4.205976395586841363e+02
4.210661059284585690e+02
4.215345932612433444e+02
4.220031015423115832e+02
4.224716307569365767e+02
4.229401808903915025e+02
4.234087519279499361e+02
4.238773438548846570e+02
4.243459566564692977e+02
4.248145903179769789e+02
4.252832448246810486e+02
4.257519201618546276e+02
4.262206163147711777e+02
4.266893332687037628e+02
4.271580710089257877e+02
4.276268295207104870e+02
4.280956087893310382e+02
4.285644088000608463e+02
4.290332295381730319e+02
4.295020709889410568e+02
4.299709331376379282e+02
4.304398159695370509e+02
4.309087194699117163e+02
4.313776436240352155e+02
4.318465884171806124e+02
4.323155538346214257e+02
4.327845398616307762e+02
4.332535464834818981e+02
4.337225736854481966e+02
4.341916214528028490e+02
4.346606897708190900e+02
4.351297786247701538e+02
4.355988879999294454e+02
4.360680178815701424e+02
4.365371682549654793e+02
4.370063391053888608e+02
4.374755304181133511e+02
4.379447421784122980e+02
4.384139743715590498e+02
4.388832269828267840e+02
4.393524999974887919e+02
4.398217934008182510e+02
4.402911071780886800e+02
4.407604413145729723e+02
4.412297957955446464e+02
4.416991706062769367e+02
4.421685657320430778e+02
4.426379811581163040e+02
4.431074168697699065e+02
4.435768728522772335e+02
4.440463490909113489e+02
4.445158455709457144e+02
4.449853622776535076e+02
4.454548991963079629e+02
4.459244563121823717e+02
4.463940336105501387e+02
4.468636310766842712e+02
4.473332486958581740e+02
4.478028864533451383e+02
4.482725443344183986e+02
4.487422223243511326e+02
4.492119204084168018e+02
4.496816385718884703e+02
4.501513768000394862e+02
4.506211350781430269e+02
4.510909133914726112e+02
4.515607117253012461e+02
4.520305300649022797e+02
4.525003683955490033e+02
4.529702267025146512e+02
4.534401049710724578e+02
4.539100031864957714e+02
4.543799213340577694e+02
4.548498593990318000e+02
4.553198173666910407e+02
4.557897952223087827e+02
4.562597929511583175e+02
4.567298105385129929e+02
4.571998479696458162e+02
4.576699052298303059e+02
4.581399823043396964e+02
4.586100791784469948e+02
4.590801958374258334e+02
4.595503322665492192e+02
4.600204884510905572e+02
4.604906643763230250e+02
4.609608600275198569e+02
4.614310753899544579e+02
4.619013104488999488e+02
4.623715651896297345e+02
4.628418395974169925e+02
4.633121336575349005e+02
4.637824473552569202e+02
4.642527806758561155e+02
4.647231336046059482e+02
4.651935061267795390e+02
4.656638982276501793e+02
4.661343098924911601e+02
4.666047411065757160e+02
4.670751918551771951e+02
4.675456621235687749e+02
4.680161518970236898e+02
4.684866611608152880e+02
4.689571899002168607e+02
4.694277381005015286e+02
4.698983057469426399e+02
4.703688928248135426e+02
4.708394993193873574e+02
4.713101252159374326e+02
4.717807704997369456e+02
4.722514351560593582e+02
4.727221191701776775e+02
4.731928225273653652e+02
4.736635452128956558e+02
4.741342872120416132e+02
4.746050485100767560e+02
4.750758290922742617e+02
4.755466289439073648e+02
4.760174480502493566e+02
4.764882863965734714e+02
4.769591439681530574e+02
4.774300207502612921e+02
4.779009167281714099e+02
4.783718318871568158e+02
4.788427662124905169e+02
4.793137196894461454e+02
4.797846923032967652e+02
4.802556840393155539e+02
4.807266948827758597e+02
4.811977248189509737e+02
4.816687738331141873e+02
4.821398419105386779e+02
4.826109290364976800e+02
4.830820351962646555e+02
4.835531603751126681e+02
4.840243045583151229e+02
4.844954677311451405e+02
4.849666498788761260e+02
4.854378509867812568e+02
4.859090710401337674e+02
4.863803100242070059e+02
4.868515679242742635e+02
4.873228447256086611e+02
4.877941404134836034e+02
4.882654549731723250e+02
4.887367883899480034e+02
4.892081406490839299e+02
4.896795117358534526e+02
4.901509016355298627e+02
4.906223103333862241e+02
4.910937378146959418e+02
4.915651840647323638e+02
4.920366490687685541e+02
4.925081328120778608e+02
4.929796352799336887e+02
4.934511564576090450e+02
4.939226963303773914e+02
4.943942548835119624e+02
4.948658321022859354e+02
4.953374279719726587e+02
4.958090424778452530e+02
4.962806756051772368e+02
4.967523273392416741e+02
4.972239976653118561e+02
4.976956865686611877e+02
4.981673940345626761e+02
4.986391200482898398e+02
4.991108645951157996e+02
4.995826276603138467e+02
5.000544092291573293e+02
5.005262092869193111e+02
5.009980278188732541e+02
5.014698648102923926e+02
5.019417202464498473e+02
5.024135941126190801e+02
5.028854863940731548e+02
5.033573970760855900e+02
5.038293261439293929e+02
5.043012735828779682e+02
5.047732393782045506e+02
5.052452235151823743e+02
5.057172259790847306e+02
5.061892467551849677e+02
5.066612858287561494e+02
5.071333431850717375e+02
5.076054188094049096e+02
5.080775126870289000e+02
5.085496248032170570e+02
5.090217551432425012e+02
5.094939036923786944e+02
5.099660704358987573e+02
5.104382553590759812e+02
5.109104584471837143e+02
5.113826796854950771e+02
5.118549190592834179e+02
5.123271765538221416e+02
5.127994521543840847e+02
5.132717458462429931e+02
5.137440576146718740e+02
5.142163874449440755e+02
5.146887353223328319e+02
5.151611012321112639e+02
5.156334851595529472e+02
5.161058870899310023e+02
5.165783070085185500e+02
5.170507449005890521e+02
5.175232007514156294e+02
5.179956745462716299e+02
5.184681662704305154e+02
5.189406759091650656e+02
5.194132034477488560e+02
5.198857488714551209e+02
5.203583121655570949e+02
5.208308933153281259e+02
5.213034923060413348e+02
5.217761091229701833e+02
5.222487437513877921e+02
5.227213961765673957e+02
5.231940663837822285e+02
5.236667543583057522e+02
5.241394600854112014e+02
5.246121835503715829e+02
5.250849247384604723e+02
5.255576836349508767e+02
5.260304602251162578e+02
5.265032544942296227e+02
5.269760664275646604e+02
5.274488960103943782e+02
5.279217432279920104e+02
5.283946080656307913e+02
5.288674905085839555e+02
5.293403905421250784e+02
5.298133081515270533e+02
5.302862433220635694e+02
5.307591960390075201e+02
5.312321662876320261e+02
5.317051540532108902e+02
5.321781593210168921e+02
5.326511820763234937e+02
5.331242223044041566e+02
5.335972799905318880e+02
5.340703551199800359e+02
5.345434476780217210e+02
5.350165576499304052e+02
5.354896850209790955e+02
5.359628297764413674e+02
5.364359919015904552e+02
5.369091713816994798e+02
5.373823682020417891e+02
5.378555823478905040e+02
5.383288138045189726e+02
5.388020625572005429e+02
5.392753285912082220e+02
5.397486118918156990e+02
5.402219124442960947e+02
5.406952302339223024e+02
5.411685652459680114e+02
5.416419174657063422e+02
5.421152868784104157e+02
5.425886734693538074e+02
5.430620772238096379e+02
5.435354981270511416e+02
5.440089361643515531e+02
5.444823913209841066e+02
5.449558635822220367e+02
5.454293529333388051e+02
5.459028593596076462e+02
5.463763828463017944e+02
5.468499233786943705e+02
5.473234809420587226e+02
5.477970555216680850e+02
5.482706471027959196e+02
5.487442556707152335e+02
5.492178812106994883e+02
5.496915237080218049e+02
5.501651831479555312e+02
5.506388595157737882e+02
5.511125527967500375e+02
5.515862629761573999e+02
5.520599900392693371e+02
5.525337339713590836e+02
5.530074947576994191e+02
5.534812723835642601e+02
5.539550668342263862e+02
5.544288780949593729e+02
5.549027061510364547e+02
5.553765509877307522e+02
5.558504125903157274e+02
5.563242909440643871e+02
5.567981860342500795e+02
5.572720978461461527e+02
5.577460263650258412e+02
5.582199715761624930e+02
5.586939334648292288e+02
5.591679120162992831e+02
5.596419072158461177e+02
5.601159190487427395e+02
5.605899475002626104e+02
5.610639925556790786e+02
5.615380542002651509e+02
5.620121324192942893e+02
5.624862271980396144e+02
5.629603385217744744e+02
5.634344663757721037e+02
5.639086107453056229e+02
5.643827716156487213e+02
5.648569489720742922e+02
5.653311427998556837e+02
5.658053530842661303e+02
5.662795798105789800e+02
5.667538229640674672e+02
5.672280825300049401e+02
5.677023584936644056e+02
5.681766508403194393e+02
5.686509595552430483e+02
5.691252846237086942e+02
5.695996260309893842e+02
5.700739837623586936e+02
5.705483578030897434e+02
5.710227481384557677e+02
5.714971547537302285e+02
5.719715776341861329e+02
5.724460167650967151e+02
5.729204721317354370e+02
5.733949437193755330e+02
5.738694315132902375e+02
5.743439354987527850e+02
5.748184556610364098e+02
5.752929919854144600e+02
5.757675444571600565e+02
5.762421130615465472e+02
5.767166977838473940e+02
5.771912986093357176e+02
5.776659155232847525e+02
5.781405485109676192e+02
5.786151975576576660e+02
5.790898626486283547e+02
5.795645437691526922e+02
5.800392409045042541e+02
5.805139540399561611e+02
5.809886831607813065e+02
5.814634282522534932e+02
5.819381892996456145e+02
5.824129662882312459e+02
5.828877592032833945e+02
5.833625680300755221e+02
5.838373927538808630e+02
5.843122333599724243e+02
5.847870898336236678e+02
5.852619621601078279e+02
5.857368503246982527e+02
5.862117543126681767e+02
5.866866741092909479e+02
5.871616096998396870e+02
5.876365610695875148e+02
5.881115282038078931e+02
5.885865110877740563e+02
5.890615097067594661e+02
5.895365240460370160e+02
5.900115540908801677e+02
5.904865998265621556e+02
5.909616612383563279e+02
5.914367383115358052e+02
5.919118310313738220e+02
5.923869393831439538e+02
5.928620633521190939e+02
5.933372029235728178e+02
5.938123580827781325e+02
5.942875288150083861e+02
5.947627151055368131e+02
5.952379169396369889e+02
5.957131343025816932e+02
5.961883671796446151e+02
5.966636155560986481e+02
5.971388794172171401e+02
5.976141587482735531e+02
5.980894535345410077e+02
5.985647637612929657e+02
5.990400894138024341e+02
5.995154304773427612e+02
5.999907869371872948e+02
6.004661587786090422e+02
6.009415459868814651e+02
6.014169485472779115e+02
6.018923664450716160e+02
6.023677996655356992e+02
6.028432481939435092e+02
6.033187120155681669e+02
6.037941911156832475e+02
6.042696854795617583e+02
6.047451950924770472e+02
6.052207199397024624e+02
6.056962600065112383e+02
6.061718152781763820e+02
6.066473857399713552e+02
6.071229713771695060e+02
6.075985721750439552e+02
6.080741881188681646e+02
6.085498191939153685e+02
6.090254653854585740e+02
6.095011266787710156e+02
6.099768030591263823e+02
6.104524945117974539e+02
6.109282010220580332e+02
6.114039225751808999e+02
6.118796591564396294e+02
6.123554107511073425e+02
6.128311773444572736e+02
6.133069589217626572e+02
6.137827554682968412e+02
6.142585669693332875e+02
6.147343934101450031e+02
6.152102347760053362e+02
6.156860910521872938e+02
6.161619622239645651e+02
6.166378482766101570e+02
6.171137491953974177e+02
6.175896649655995816e+02
6.180655955724901105e+02
6.185415410013417841e+02
6.190175012374282915e+02
6.194934762660226397e+02
6.199694660723982906e+02
6.204454706418285923e+02
6.209214899595865518e+02
6.213975240109455171e+02
6.218735727811788365e+02
6.223496362555596306e+02
6.228257144193612476e+02
6.233018072578571491e+02
6.237779147563202287e+02
6.242540369000238343e+02
6.247301736742414278e+02
6.252063250642461298e+02
6.256824910553111749e+02
6.261586716327100248e+02
6.266348667817158002e+02
6.271110764876017356e+02
6.275873007356411790e+02
6.280635395111071375e+02
6.285397927992733003e+02
6.290160605854125606e+02
6.294923428547984940e+02
6.299686395927042213e+02
6.304449507844030904e+02
6.309212764151681085e+02
6.313976164702726237e+02
6.318739709349900977e+02
6.323503397945935376e+02
6.328267230343565188e+02
6.333031206395520485e+02
6.337795325954535883e+02
6.342559588873342591e+02
6.347323995004671815e+02
6.352088544201259310e+02
6.356853236315836284e+02
6.361618071201136217e+02
6.366383048709890318e+02
6.371148168694832066e+02
6.375913431008693806e+02
6.380678835504207882e+02
6.385444382034106638e+02
6.390210070451125830e+02
6.394975900607994390e+02
6.399741872357448074e+02
6.404507985552215814e+02
6.409274240045031092e+02
6.414040635688628527e+02
6.418807172335740461e+02
6.423573849839099239e+02
6.428340668051438342e+02
6.433107626825487841e+02
6.437874726013981217e+02
6.442641965469651950e+02
6.447409345045233522e+02
6.452176864593457140e+02
6.456944523967055147e+02
6.461712323018762163e+02
6.466480261601308257e+02
6.471248339567426910e+02
6.476016556769852741e+02
6.480784913061314683e+02
6.485553408294550763e+02
6.490322042322288780e+02
6.495090814997263351e+02
6.499859726172205683e+02
6.504628775699850394e+02
6.509397963432928691e+02
6.514167289224175192e+02
6.518936752926319969e+02
6.523706354392097637e+02
6.528476093474238269e+02
6.533245970025477618e+02
6.538015983898546892e+02
6.542786134946178436e+02
6.547556423021105729e+02
6.552326847976059980e+02
6.557097409663776943e+02
6.561868107936984416e+02
6.566638942648419288e+02
6.571409913650812769e+02
6.576181020796896064e+02
6.580952263939404929e+02
6.585723642931069435e+02
6.590495157624623062e+02
6.595266807872798154e+02
6.600038593528327056e+02
6.604810514443944385e+02
6.609582570472381349e+02
6.614354761466369155e+02
6.619127087278643558e+02
6.623899547761934627e+02
6.628672142768975846e+02
6.633444872152499556e+02
6.638217735765240377e+02
6.642990733459927242e+02
6.647763865089298179e+02
6.652537130506079848e+02
6.657310529563006867e+02
6.662084062112813854e+02
6.666857728008232016e+02
6.671631527101994834e+02
6.676405459246834653e+02
6.681179524295483816e+02
6.685953722100672394e+02
6.690728052515137279e+02
6.695502515391609677e+02
6.700277110582820796e+02
6.705051837941506392e+02
6.709826697320396534e+02
6.714601688572223566e+02
6.719376811549720969e+02
6.724152066105622225e+02
6.728927452092658541e+02
6.733702969363565671e+02
6.738478617771070276e+02
6.743254397167910383e+02
6.748030307406817201e+02
6.752806348340520799e+02
6.757582519821756932e+02
6.762358821703257945e+02
6.767135253837756181e+02
6.771911816077983985e+02
6.776688508276673701e+02
6.781465330286557673e+02
6.786242281960369382e+02
6.791019363150840036e+02
6.795796573710706525e+02
6.800573913492696647e+02
6.805351382349545020e+02
6.810128980133982850e+02
6.814906706698743619e+02
6.819684561896561945e+02
6.824462545580169035e+02
6.829240657602296096e+02
6.834018897815677747e+02
6.838797266073046330e+02
6.843575762227133055e+02
6.848354386130672538e+02
6.853133137636395986e+02
6.857912016597035745e+02
6.862691022865326431e+02
6.867470156294000390e+02
6.872249416735787690e+02
6.877028804043422952e+02
6.881808318069638517e+02
6.886587958667167868e+02
6.891367725688743349e+02
6.896147618987095029e+02
6.900927638414958665e+02
6.905707783825066599e+02
6.910488055070147766e+02
6.915268452002940194e+02
6.920048974476172816e+02
6.924829622342581388e+02
6.929610395454897116e+02
6.934391293665850071e+02
6.939172316828174871e+02
6.943953464794604997e+02
6.948734737417872793e+02
6.953516134550711740e+02
6.958297656045850772e+02
6.963079301756027917e+02
6.967861071533970971e+02
6.972642965232414554e+02
6.977424982704091008e+02
6.982207123801733815e+02
6.986989388378076455e+02
6.991771776285850137e+02
6.996554287377786068e+02
7.001336921506617728e+02
7.006119678525079735e+02
7.010902558285903297e+02
7.015685560641821894e+02
7.020468685445565598e+02
7.025251932549870162e+02
7.030035301807466794e+02
7.034818793071087839e+02
7.039602406193466777e+02
7.044386141027335952e+02
7.049169997425427709e+02
7.053953975240476666e+02
7.058738074325211755e+02
7.063522294532367596e+02
7.068306635714677668e+02
7.073091097724872043e+02
7.077875680415687611e+02
7.082660383639853308e+02
7.087445207250103749e+02
7.092230151099170143e+02
7.097015215039785971e+02
7.101800398924682440e+02
7.106585702606594168e+02
7.111371125938254636e+02
7.116156668772392777e+02
7.120942330961746620e+02
7.125728112359041688e+02
7.130514012817016010e+02
7.135300032188400792e+02
7.140086170325928379e+02
7.144872427082332251e+02
7.149658802310345891e+02
7.154445295862697094e+02
7.159231907592123889e+02
7.164018637351356347e+02
7.168805484993127948e+02
7.173592450370172173e+02
7.178379533335219094e+02
7.183166733741004464e+02
7.187954051440258354e+02
7.192741486285714245e+02
7.197529038130103345e+02
7.202316706826162545e+02
7.207104492226620778e+02
7.211892394184210389e+02
7.216680412551668269e+02
7.221468547181721078e+02
7.226256797927106845e+02
7.231045164640554503e+02
7.235833647174798671e+02
7.240622245382570554e+02
7.245410959116604772e+02
7.250199788229632532e+02
7.254988732574386177e+02
7.259777792003599188e+02
7.264566966370005048e+02
7.269356255526333825e+02
7.274145659325319002e+02
7.278935177619696333e+02
7.283724810262193614e+02
7.288514557105546601e+02
7.293304418002488774e+02
7.298094392805750203e+02
7.302884481368064371e+02
7.307674683542163621e+02
7.312464999180782570e+02
7.317255428136651290e+02
7.322045970262503261e+02
7.326836625411071964e+02
7.331627393435088607e+02
7.336418274187287807e+02
7.341209267520400772e+02
7.346000373287158709e+02
7.350791591340297373e+02
7.355582921532547971e+02
7.360374363716643984e+02
7.365165917745316619e+02
7.369957583471299358e+02
7.374749360747324545e+02
7.379541249426125660e+02
7.384333249360432774e+02
7.389125360402981642e+02
7.393917582406503470e+02
7.398709915223730604e+02
7.403502358707397661e+02
7.408294912710233575e+02
7.413087577084974100e+02
7.417880351684350444e+02
7.422673236361098361e+02
7.427466230967945648e+02
7.432259335357626924e+02
7.437052549382877942e+02
7.441845872896425362e+02
7.446639305751006077e+02
7.451432847799352430e+02
7.456226498894194492e+02
7.461020258888266881e+02
7.465814127634304214e+02
7.470608104985036562e+02
7.475402190793195132e+02
7.480196384911514542e+02
7.484990687192728274e+02
7.489785097489568670e+02
7.494579615654765803e+02
7.499374241541056563e+02
7.504168975001169883e+02
7.508963815887839246e+02
7.513758764053798131e+02
7.518553819351778884e+02
7.523348981634514985e+02
7.528144250754737641e+02
7.532939626565180333e+02
7.537735108918575406e+02
7.542530697667655204e+02
7.547326392665153207e+02
7.552122193763801761e+02
7.556918100816332071e+02
7.561714113675479894e+02
7.566510232193974161e+02
7.571306456224550629e+02
7.576102785619940505e+02
7.580899220232876132e+02
7.585695759916089855e+02
7.590492404522315155e+02
7.595289153904286650e+02
7.600086007914733273e+02
7.604882966406388505e+02
7.609680029231988101e+02
7.614477196244262132e+02
7.619274467295942941e+02
7.624071842239762873e+02
7.628869320928456546e+02
7.633666903214754029e+02
7.638464588951389942e+02
7.643262377991098901e+02
7.648060270186608705e+02
7.652858265390653969e+02
7.657656363455969313e+02
7.662454564235285943e+02
7.667252867581335067e+02
7.672051273346852440e+02
7.676849781384566995e+02
7.681648391547213350e+02
7.686447103687524987e+02
7.691245917658233111e+02
7.696044833312071205e+02
7.700843850501770476e+02
7.705642969080066678e+02
7.710442188899689882e+02
7.715241509813372431e+02
7.720040931673848945e+02
7.724840454333849493e+02
7.729640077646108693e+02
7.734439801463360027e+02
7.739239625638333564e+02
7.744039550023762786e+02
7.748839574472382310e+02
7.753639698836922207e+02
7.758439922970115958e+02
7.763240246724697045e+02
7.768040669953396673e+02
7.772841192508948325e+02
7.777641814244085481e+02
7.782442535011539348e+02
7.787243354664042272e+02
7.792044273054328869e+02
7.796845290035129210e+02
7.801646405459179050e+02
7.806447619179208459e+02
7.811248931047949782e+02
7.816050340918139909e+02
7.820851848642505502e+02
7.825653454073783450e+02
7.830455157064706100e+02
7.835256957468003520e+02
7.840058855136409193e+02
7.844860849922658872e+02
7.849662941679480355e+02
7.854465130259609396e+02
7.859267415515779476e+02
7.864069797300720666e+02
7.868872275467166446e+02
7.873674849867849161e+02
7.878477520355503430e+02
7.883280286782859321e+02
7.888083149002650316e+02
7.892886106867611034e+02
7.897689160230470407e+02
7.902492308943964190e+02
7.907295552860824728e+02
7.912098891833782091e+02
7.916902325715570896e+02
7.921705854358924626e+02
7.926509477616574486e+02
7.931313195341253959e+02
7.936117007385694251e+02
7.940920913602629980e+02
7.945724913844791217e+02
7.950529007964913717e+02
7.955333195815729823e+02
7.960137477249968470e+02
7.964941852120364274e+02
7.969746320279654128e+02
7.974550881580563555e+02
7.979355535875828309e+02
7.984160283018183009e+02
7.988965122860358861e+02
7.993770055255087073e+02
7.998575080055101125e+02
8.003380197113136774e+02
8.008185406281920677e+02
8.012990707414189728e+02
8.017796100362677407e+02
8.022601584980111511e+02
8.027407161119228931e+02
8.032212828632762012e+02
8.037018587373441960e+02
8.041824437193999984e+02
8.046630377947171837e+02
8.051436409485689865e+02
8.056242531662285273e+02
8.061048744329690408e+02
8.065855047340639885e+02
8.070661440547863776e+02
8.075467923804096699e+02
8.080274496962072135e+02
8.085081159874520154e+02
8.089887912394174236e+02
8.094694754373767864e+02
8.099501685666033381e+02
8.104308706123701995e+02
8.109115815599508323e+02
8.113923013946184710e+02
8.118730301016463500e+02
8.123537676663077036e+02
8.128345140738757664e+02
8.133152693096237726e+02
8.137960333588251842e+02
8.142768062067532355e+02
8.147575878386809336e+02
8.152383782398817402e+02
8.157191773956287761e+02
8.161999852911956168e+02
8.166808019118552693e+02
8.171616272428809680e+02
8.176424612695461747e+02
8.181233039771240101e+02
8.186041553508877087e+02
8.190850153761107322e+02
8.195658840380660877e+02
8.200467613220271232e+02
8.205276472132671870e+02
8.210085416970596270e+02
8.214894447586774504e+02
8.219703563833940052e+02
8.224512765564827532e+02
8.229322052632167015e+02
8.234131424888691981e+02
8.238940882187135912e+02
8.243750424380231152e+02
8.248560051320710045e+02
8.253369762861303798e+02
8.258179558854748166e+02
8.262989439153772082e+02
8.267799403611111302e+02
8.272609452079498169e+02
8.277419584411663891e+02
8.282229800460340812e+02
8.287040100078263549e+02
8.291850483118163311e+02
8.296660949432773577e+02
8.301471498874826693e+02
8.306282131297053866e+02
8.311092846552189712e+02
8.315903644492967715e+02
8.320714524972116806e+02
8.325525487842372740e+02
8.330336532956466726e+02
8.335147660167132244e+02
8.339958869327101638e+02
8.344770160289106116e+02
8.349581532905883705e+02
8.354392987030158793e+02
8.359204522514669407e+02
8.364016139212149028e+02
8.368827836975325454e+02
8.373639615656935575e+02
8.378451475109711737e+02
8.383263415186384009e+02
8.388075435739688146e+02
8.392887536622354219e+02
8.397699717687115708e+02
8.402511978786706095e+02
8.407324319773855450e+02
8.412136740501300665e+02
8.416949240821770672e+02
8.421761820587998955e+02
8.426574479652721266e+02
8.431387217868665402e+02
8.436200035088565983e+02
8.441012931165155351e+02
8.445825905951169261e+02
8.450638959299336648e+02
8.455452091062389854e+02
8.460265301093065773e+02
8.465078589244092200e+02
8.469891955368204890e+02
8.474705399318135051e+02
8.479518920946616163e+02
8.484332520106378297e+02
8.489146196650157208e+02
8.493959950430686376e+02
8.498773781300694736e+02
8.503587689112918042e+02
8.508401673720087501e+02
8.513215734974935458e+02
8.518029872730194256e+02
8.522844086838599651e+02
8.527658377152879439e+02
8.532472743525769374e+02
8.537287185810002939e+02
8.542101703858310202e+02
8.546916297523424646e+02
8.551730966658079751e+02
8.556545711115007862e+02
8.561360530746941322e+02
8.566175425406612476e+02
8.570990394946754805e+02
8.575805439220100652e+02
8.580620558079382363e+02
8.585435751377332281e+02
8.590251018966683887e+02
8.595066360700169525e+02
8.599881776430521541e+02
8.604697266010472276e+02
8.609512829292754077e+02
8.614328466130102697e+02
8.619144176375248207e+02
8.623959959880920678e+02
8.628775816499858138e+02
8.633591746084790657e+02
8.638407748488450579e+02
8.643223823563570249e+02
8.648039971162884285e+02
8.652856191139121620e+02
8.657672483345019145e+02
8.662488847633305795e+02
8.667305283856718461e+02
8.672121791867986076e+02
8.676938371519842121e+02
8.681755022665021215e+02
8.686571745156252291e+02
8.691388538846271103e+02
8.696205403587809997e+02
8.701022339233600178e+02
8.705839345636375128e+02
8.710656422648869466e+02
8.715473570123812124e+02
8.720290787913936583e+02
8.725108075871976325e+02
8.729925433850665968e+02
8.734742861702734444e+02
8.739560359280916373e+02
8.744377926437946371e+02
8.749195563026553373e+02
8.754013268899469722e+02
8.758831043909432310e+02
8.763648887909170071e+02
8.768466800751416486e+02
8.773284782288906172e+02
8.778102832374369200e+02
8.782920950860540188e+02
8.787739137600149206e+02
8.792557392445932010e+02
8.797375715250618669e+02
8.802194105866943801e+02
8.807012564147639750e+02
8.811831089945437725e+02
8.816649683113070068e+02
8.821468343503271399e+02
8.826287070968775197e+02
8.831105865362309260e+02
8.835924726536611615e+02
8.840743654344412334e+02
8.845562648638444898e+02
8.850381709271439377e+02
8.855200836096133798e+02
8.860020028965254824e+02
8.864839287731539343e+02
8.869658612247718565e+02
8.874478002366523697e+02
8.879297457940689355e+02
8.884116978822947885e+02
8.888936564866031631e+02
8.893756215922671799e+02
8.898575931845603009e+02
8.903395712487558740e+02
8.908215557701269063e+02
8.913035467339467459e+02
8.917855441254887410e+02
8.922675479300261259e+02
8.927495581328321350e+02
8.932315747191800028e+02
8.937135976743429637e+02
8.941956269835944795e+02
8.946776626322075572e+02
8.951597046054556586e+02
8.956417528886120181e+02
8.961238074669497564e+02
8.966058683257424491e+02
8.970879354502629894e+02
8.975700088257847256e+02
8.980520884375812329e+02
8.985341742709252912e+02
8.990162663110904759e+02
8.994983645433501351e+02
8.999804689529772759e+02
9.004625795252453599e+02
9.009446962454273944e+02
9.014268190987970684e+02
9.019089480706271615e+02
9.023910831461912494e+02
9.028732243107626800e+02
9.033553715496143468e+02
9.038375248480197115e+02
9.043196841912522359e+02
9.048018495645848134e+02
9.052840209532909057e+02
9.057661983426439747e+02
9.062483817179169137e+02
9.067305710643831844e+02
9.072127663673159077e+02
9.076949676119886590e+02
9.081771747836743316e+02
9.086593878676463873e+02
9.091416068491781743e+02
9.096238317135426996e+02
9.101060624460134250e+02
9.105882990318636985e+02
9.110705414563664135e+02
9.115527897047951456e+02
9.120350437624230153e+02
9.125173036145235983e+02
9.129995692463696741e+02
9.134818406432348183e+02
9.139641177903923790e+02
9.144464006731152494e+02
9.149286892766768915e+02
9.154109835863508806e+02
9.158932835874097691e+02
9.163755892651275872e+02
9.168579006047771145e+02
9.173402175916318129e+02
9.178225402109646893e+02
9.183048684480494330e+02
9.187872022881590510e+02
9.192695417165667777e+02
9.197518867185458475e+02
9.202342372793697223e+02
9.207165933843116363e+02
9.211989550186445967e+02
9.216813221676421790e+02
9.221636948165775038e+02
9.226460729507238057e+02
9.231284565553543189e+02
9.236108456157425053e+02
9.240932401171613719e+02
9.245756400448843806e+02
9.250580453841848794e+02
9.255404561203358753e+02
9.260228722386106028e+02
9.265052937242827511e+02
9.269877205626250998e+02
9.274701527389109970e+02
9.279525902384141318e+02
9.284350330464072840e+02
9.289174811481638017e+02
9.293999345289571465e+02
9.298823931740604394e+02
9.303648570687470283e+02
9.308473261982900340e+02
9.313298005479629182e+02
9.318122801030388018e+02
9.322947648487909191e+02
9.327772547704928456e+02
9.332597498534173610e+02
9.337422500828380407e+02
9.342247554440281192e+02
9.347072659222608308e+02
9.351897815028094101e+02
9.356723021709470913e+02
9.361548279119473364e+02
9.366373587110831522e+02
9.371198945536278870e+02
9.376024354248548889e+02
9.380849813100372785e+02
9.385675321944485177e+02
9.390500880633618408e+02
9.395326489020503686e+02
9.400152146957872219e+02
9.404977854298460898e+02
9.409803610895000929e+02
9.414629416600222385e+02
9.419455271266859882e+02
9.424281174747646901e+02
9.429107126895314650e+02
9.433933127562595473e+02
9.438759176602225125e+02
9.443585273866932539e+02
9.448411419209450059e+02
9.453237612482514578e+02
9.458063853538855028e+02
9.462890142231204891e+02
9.467716478412296510e+02
9.472542861934864504e+02
9.477369292651640080e+02
9.482195770415354446e+02
9.487022295078744492e+02
9.491848866494538015e+02
9.496675484515469634e+02
9.501502148994272829e+02
9.506328859783679945e+02
9.511155616736421052e+02
9.515982419705234179e+02
9.520809268542845984e+02
9.525636163101992224e+02
9.530463103235406379e+02
9.535290088795819656e+02
9.540117119635964400e+02
9.544944195608572954e+02
9.549771316566381074e+02
9.554598482362116556e+02
9.559425692848516292e+02
9.564252947878311488e+02
9.569080247304233353e+02
9.573907590979015367e+02
9.578734978755392149e+02
9.583562410486094905e+02
9.588389886023853705e+02
9.593217405221404306e+02
9.598044967931481324e+02
9.602872574006811419e+02
9.607700223300132620e+02
9.612527915664174998e+02
9.617355650951670896e+02
9.622183429015353795e+02
9.627011249707956040e+02
9.631839112882212248e+02
9.636667018390851354e+02
9.641494966086609111e+02
9.646322955822215590e+02
9.651150987450405410e+02
9.655979060823910913e+02
9.660807175795466719e+02
9.665635332217799487e+02
9.670463529943648382e+02
9.675291768825743475e+02
9.680120048716814836e+02
9.684948369469598219e+02
9.689776730936824833e+02
9.694605132971230432e+02
9.699433575425542813e+02
9.704262058152498867e+02
9.709090581004829801e+02
9.713919143835266823e+02
9.718747746496542277e+02
9.723576388841391918e+02
9.728405070722546952e+02
9.733233791992738588e+02
9.738062552504701443e+02
9.742891352111166725e+02
9.747720190664867914e+02
9.752549068018536218e+02
9.757377984024907391e+02
9.762206938536711505e+02
9.767035931406680902e+02
9.771864962487550201e+02
9.776694031632050610e+02
9.781523138692914472e+02
9.786352283522877542e+02
9.791181465974667617e+02
9.796010685901020452e+02
9.800839943154668390e+02
9.805669237588343776e+02
9.810498569054777818e+02
9.815327937406706269e+02
9.820157342496859201e+02
9.824986784177970094e+02
9.829816262302771293e+02
9.834645776723996278e+02
9.839475327294376257e+02
9.844304913866645848e+02
9.849134536293536257e+02
9.853964194427779830e+02
9.858793888122111184e+02
9.863623617229260390e+02
9.868453381601962064e+02
9.873283181092947416e+02
9.878113015554948788e+02
9.882942884840703073e+02
9.887772788802936930e+02
9.892602727294387250e+02
9.897432700167785242e+02
9.902262707275862113e+02
9.907092748471351342e+02
9.911922823606988686e+02
9.916752932535503078e+02
9.921583075109626861e+02
9.926413251182094655e+02
9.931243460605639939e+02
9.936073703232992784e+02
9.940903978916886672e+02
9.945734287510056220e+02
9.950564628865230361e+02
9.955395002835144851e+02
9.960225409272532033e+02
9.965055848030123116e+02
9.969886318960650442e+02
9.974716821916848630e+02
9.979547356751450025e+02
9.984377923317185832e+02
9.989208521466788397e+02
9.994039151052993475e+02
9.998869811928529998e+02
1.000370050394613259e+03
1.000853122695853585e+03
1.001336198081846760e+03
1.001819276537866244e+03
1.002302358049185614e+03
1.002785442601077648e+03
1.003268530178815922e+03
1.003751620767673671e+03
1.004234714352924129e+03
1.004717810919840417e+03
1.005200910453695883e+03
1.005684012939764102e+03
1.006167118363317854e+03
1.006650226709630601e+03
1.007133337963975691e+03
1.007616452111626359e+03
1.008099569137855724e+03
1.008582689027937249e+03
1.009065811767144055e+03
1.009548937340749376e+03
1.010032065734026673e+03
1.010515196932249182e+03
1.010998330920689909e+03
1.011481467684622316e+03
1.011964607209319752e+03
1.012447749480055336e+03
1.012930894482102190e+03
1.013414042200734002e+03
1.013897192621223780e+03
1.014380345728844645e+03
1.014863501508869945e+03
1.015346659946573254e+03
1.015829821027227354e+03
1.016312984736105818e+03
1.016796151058481996e+03
1.017279319979628781e+03
1.017762491484819861e+03
1.018245665559328131e+03
1.018728842188427279e+03
1.019212021357389972e+03
1.019695203051489898e+03
1.020178387256000292e+03
1.020661573956194502e+03
1.021144763137345421e+03
1.021627954784726626e+03
1.022111148883611236e+03
1.022594345419272827e+03
1.023077544376984292e+03
1.023560745742018753e+03
1.024043949499649898e+03
1.024527155635151075e+03
1.025010364133795065e+03
1.025493574980855556e+03
1.025976788161605327e+03
1.026460003661318297e+03
1.026943221465267015e+03
1.027426441558725401e+03
1.027909663926966459e+03
1.028392888555263198e+03
1.028876115428889079e+03
1.029359344533117564e+03
1.029842575853221661e+03
1.030325809374474602e+03
1.030809045082150305e+03
1.031292282961521096e+03
1.031775522997860435e+03
1.032258765176442012e+03
1.032742009482538833e+03
1.033225255901424134e+03
1.033708504418371376e+03
1.034191755018653794e+03
1.034675007687544394e+03
1.035158262410316638e+03
1.035641519172243761e+03
1.036124777958598997e+03
1.036608038754655581e+03
1.037091301545686974e+03
1.037574566316966184e+03
1.038057833053766444e+03
1.038541101741361445e+03
1.039024372365024192e+03
1.039507644910027693e+03
1.039990919361645410e+03
1.040474195705150805e+03
1.040957473925816885e+03
1.041440754008917111e+03
1.041924035939724490e+03
1.042407319703512485e+03
1.042890605285554329e+03
1.043373892671123258e+03
1.043857181845492505e+03
1.044340472793935533e+03
1.044823765501725347e+03
1.045307059954135411e+03
1.045790356136438959e+03
1.046273654033908997e+03
1.046756953631818988e+03
1.047240254915442392e+03
1.047723557870051991e+03
1.048206862480921473e+03
1.048690168733324072e+03
1.049173476612532795e+03
1.049656786103820878e+03
1.050140097192462235e+03
1.050623409863729194e+03
1.051106724102895669e+03
1.051590039895234895e+03
1.052073357226019880e+03
1.052556676080523857e+03
1.053039996444020289e+03
1.053523318301782410e+03
1.054006641639083455e+03
1.054489966441196430e+03
1.054973292693395024e+03
1.055456620380952472e+03
1.055939949489141782e+03
1.056423280003236414e+03
1.056906611908509149e+03
1.057389945190233902e+03
1.057873279833683682e+03
1.058356615824131723e+03
1.058839953146851485e+03
1.059323291787116204e+03
1.059806631730198660e+03
1.060289972961372541e+03
1.060773315465911082e+03
1.061256659229087745e+03
1.061740004236175309e+03
1.062223350472447009e+03
1.062706697923176762e+03
1.063190046573637346e+03
1.063673396409101997e+03
1.064156747414843949e+03
1.064640099576137118e+03
1.065123452878254056e+03
1.065606807306468227e+03
1.066090162846052863e+03
1.066573519482281426e+03
1.067056877200426925e+03
1.067540235985763047e+03
1.068023595823562573e+03
1.068506956699098964e+03
1.068990318597645228e+03
1.069473681504474825e+03
1.069957045404861219e+03
1.070440410284077416e+03
1.070923776127396877e+03
1.071407142920092838e+03
1.071890510647438305e+03
1.072373879294707194e+03
1.072857248847171832e+03
1.073340619290106133e+03
1.073823990608783333e+03
1.074307362788476439e+03
1.074790735814458685e+03
1.075274109672003306e+03
1.075757484346384217e+03
1.076240859822873517e+03
1.076724236086745805e+03
1.077207613123273404e+03
1.077690990917730005e+03
1.078174369455388387e+03
1.078657748721522921e+03
1.079141128701405478e+03
1.079624509380309973e+03
1.080107890743510097e+03
1.080591272776278174e+03
1.081074655463888121e+03
1.081558038791613171e+03
1.082041422744726333e+03
1.082524807308500840e+03
1.083008192468210382e+03
1.083491578209127738e+03
1.083974964516526597e+03
1.084458351375679968e+03
1.084941738771861537e+03
1.085425126690343859e+03
1.085908515116400395e+03
1.086391904035304833e+03
1.086875293432329954e+03
1.087358683292749220e+03
1.087842073601835864e+03
1.088325464344863349e+03
1.088808855507104681e+03
1.089292247073833323e+03
1.089775639030322282e+03
1.090259031361845018e+03
1.090742424053674767e+03
1.091225817091084991e+03
1.091709210459348697e+03
1.092192604143738890e+03
1.092675998129529489e+03
1.093159392401993273e+03
1.093642786946403703e+03
1.094126181748033787e+03
1.094609576792156986e+03
1.095092972064046762e+03
1.095576367548976123e+03
1.096059763232218074e+03
1.096543159099046534e+03
1.097026555134734508e+03
1.097509951324555232e+03
1.097993347653781484e+03
1.098476744107687409e+03
1.098960140671545787e+03
1.099443537330629624e+03
1.099926934070212837e+03
1.100410330875567979e+03
1.100893727731968738e+03
1.101377124624688577e+03
1.101860521539000274e+03
1.102343918460177292e+03
1.102827315373493093e+03
1.103310712264220456e+03
1.103794109117633525e+03
1.104277505919004625e+03
1.104760902653607445e+03
1.105244299306715448e+03
1.105727695863601411e+03
1.106211092309538571e+03
1.106694488629800617e+03
1.107177884809660782e+03
1.107661280834392073e+03
1.108144676689267953e+03
1.108628072359561429e+03
1.109111467830546189e+03
1.109594863087495014e+03
1.110078258115681820e+03
1.110561652900379158e+03
1.111045047426860947e+03
1.111528441680399737e+03
1.112011835646269219e+03
1.112495229309742626e+03
1.112978622656093421e+03
1.113462015670594383e+03
1.113945408338518746e+03
1.114428800645140655e+03
1.114912192575732206e+03
1.115395584115567772e+03
1.115878975249919677e+03
1.116362365964062064e+03
1.116845756243267488e+03
1.117329146072809181e+03
1.117812535437960832e+03
1.118295924323995905e+03
1.118779312716186951e+03
1.119262700599807658e+03
1.119746087960131263e+03
1.120229474782430771e+03
1.120712861051979871e+03
1.121196246754051572e+03
1.121679631873919334e+03
1.122163016396855937e+03
1.122646400308135298e+03
1.123129783593030425e+03
1.123613166236814322e+03
1.124096548224760681e+03
1.124579929542142281e+03
1.125063310174232811e+03
1.125546690106305277e+03
1.126030069323633143e+03
1.126513447811489414e+03
1.126996825555147552e+03
1.127480202539880793e+03
1.127963578750962597e+03
1.128446954173665517e+03
1.128930328793263925e+03
1.129413702595030372e+03
1.129897075564237866e+03
1.130380447686160323e+03
1.130863818946070978e+03
1.131347189329242383e+03
1.131830558820948227e+03
1.132313927406461971e+03
1.132797295071056624e+03
1.133280661800005419e+03
1.133764027578582045e+03
1.134247392392059282e+03
1.134730756225710593e+03
1.135214119064809211e+03
1.135697480894628598e+03
1.136180841700441761e+03
1.136664201467521707e+03
1.137147560181142580e+03
1.137630917826576706e+03
1.138114274389098000e+03
1.138597629853979242e+03
1.139080984206493895e+03
1.139564337431915192e+03
1.140047689515516595e+03
1.140531040442571111e+03
1.141014390198352203e+03
1.141497738768133104e+03
1.141981086137187276e+03
1.142464432290787272e+03
1.142947777214206781e+03
1.143431120892719719e+03
1.143914463311598183e+03
1.144397804456116091e+03
1.144881144311546450e+03
1.145364482863162948e+03
1.145847820096238593e+03
1.146331155996046391e+03
1.146814490547860032e+03
1.147297823736952523e+03
1.147781155548597098e+03
1.148264485968067447e+03
1.148747814980636349e+03
1.149231142571577266e+03
1.149714468726163659e+03
1.150197793429668081e+03
1.150681116667364449e+03
1.151164438424525997e+03
1.151647758686425732e+03
1.152131077438337115e+03
1.152614394665533155e+03
1.153097710353287312e+03
1.153581024486873048e+03
1.154064337051563143e+03
1.154547648032631514e+03
1.155030957415350940e+03
1.155514265184994656e+03
1.155997571326836123e+03
1.156480875826148576e+03
1.156964178668205022e+03
1.157447479838278923e+03
1.157930779321643740e+03
1.158414077103572481e+03
1.158897373169338607e+03
1.159380667504215126e+03
1.159863960093475498e+03
1.160347250922392959e+03
1.160830539976240971e+03
1.161313827240292312e+03
1.161797112699820218e+03
1.162280396340098832e+03
1.162763678146400707e+03
1.163246958103998850e+03
1.163730236198167404e+03
1.164213512414178695e+03
1.164696786737306411e+03
1.165180059152824242e+03
1.165663329646004740e+03
1.166146598202121595e+03
